14 84 74 
74 84 3 
26 107 36 
38 47 118 
133 223 54 
54 124 133 
169 79 9 
22 92 83 
83 92 12 
117 108 37 
7 88 17 
27 37 108 
77 67 157 
77 157 68 
0 70 61 
61 70 60 
152 263 63 
68 7 77 
26 36 96 
23 93 84 
84 93 13 
374 505 255 
12 92 21 
106 45 36 
38 47 108 
129 119 48 
87 26 17 
65 4 164 
74 4 65 
11 81 71 
71 81 0 
16 25 86 
6 16 87 
34 114 43 
13 93 22 
209 119 49 
13 22 83 
69 8 78 
29 209 119 
27 88 97 
20 30 101 
100 30 20 
71 62 151 
35 44 105 
24 105 34 
106 96 25 
18 78 88 
3 13 73 
1 11 71 
3 84 13 
88 27 18 
67 6 76 
46 127 56 
66 5 165 
75 5 66 
15 24 95 
98 89 18 
45 55 126 
97 88 17 
63 2 72 
1 62 161 
1 161 72 
72 161 62 
147 237 357 
247 357 237 
4 14 74 
17 87 77 
77 87 6 
8 89 18 
95 86 15 
31 101 91 
91 101 20 
13 83 73 
73 83 2 
96 87 16 
107 97 26 
109 99 28 
5 86 15 
28 38 98 
85 24 15 
63 153 73 
64 73 153 
5 15 75 
23 33 93 
139 229 359 
36 106 96 
43 113 104 
104 113 33 
19 28 89 
24 34 94 
48 58 129 
28 98 89 
41 51 111 
1 82 11 
9 99 19 
52 131 122 
122 131 51 
138 228 59 
59 129 138 
37 46 117 
27 37 97 
18 27 98 
24 85 94 
149 238 138 
138 238 148 
37 46 107 
47 57 117 
44 114 105 
105 114 34 
8 18 78 
32 41 102 
5 76 165 
86 76 5 
39 119 48 
258 158 268 
68 268 158 
99 39 29 
44 125 54 
104 94 23 
64 3 73 
62 1 71 
2 12 72 
75 65 155 
75 155 66 
35 95 105 
47 108 117 
16 86 76 
6 16 76 
115 55 45 
7 17 77 
76 165 66 
15 85 75 
75 85 4 
56 126 116 
116 126 45 
4 85 14 
39 99 109 
37 107 97 
58 227 148 
58 148 138 
12 72 82 
33 103 93 
93 103 22 
628 498 638 
628 638 368 
38 108 98 
98 108 27 
17 97 26 
3 74 163 
43 124 53 
12 21 82 
22 103 32 
21 91 82 
82 91 11 
79 19 9 
25 35 95 
22 32 92 
21 31 91 
78 88 7 
8 79 168 
89 79 8 
8 69 168 
79 168 69 
49 59 119 
2 83 12 
14 94 23 
2 73 162 
32 112 41 
26 96 87 
6 77 166 
72 82 1 
3 64 163 
74 163 64 
67 6 166 
14 23 84 
42 123 52 
0 10 80 
0 80 70 
39 48 109 
16 96 25 
159 69 79 
58 128 118 
118 128 47 
28 38 109 
36 116 45 
45 115 106 
106 115 35 
48 58 118 
48 118 109 
109 118 38 
11 91 20 
31 40 101 
19 79 89 
148 247 237 
85 94 14 
151 262 62 
78 69 158 
34 104 94 
25 95 86 
11 20 81 
0 10 81 
9 299 169 
95 105 24 
42 112 103 
103 112 32 
10 90 81 
20 90 81 
59 228 149 
149 139 59 
25 106 35 
261 251 370 
53 123 113 
113 123 42 
19 99 28 
33 42 103 
41 51 122 
23 104 33 
54 124 114 
114 124 43 
125 115 44 
47 128 57 
34 43 104 
77 166 67 
20 100 90 
90 100 10 
21 102 31 
32 102 92 
92 102 21 
137 128 57 
42 52 112 
57 117 127 
59 129 119 
142 241 231 
46 56 116 
68 157 268 
35 115 44 
29 39 119 
46 107 116 
78 68 167 
158 68 78 
44 54 114 
127 117 46 
30 110 101 
40 110 101 
107 116 36 
124 133 53 
51 111 121 
31 111 40 
41 111 102 
102 111 31 
131 221 52 
43 53 113 
33 113 42 
140 130 141 
50 130 140 
52 122 112 
112 122 41 
136 127 56 
57 136 127 
261 260 150 
135 145 235 
56 135 126 
126 135 55 
146 135 225 
146 225 56 
56 225 135 
40 120 110 
110 120 30 
40 50 120 
49 209 339 
49 339 229 
40 50 121 
111 121 40 
55 125 115 
146 56 136 
53 132 123 
123 132 52 
55 134 125 
125 134 54 
243 233 353 
144 233 243 
69 159 269 
51 130 121 
121 130 50 
129 138 58 
144 54 134 
143 53 133 
148 137 227 
58 227 137 
58 137 128 
234 144 354 
147 57 137 
647 797 507 
141 51 131 
146 235 135 
57 226 147 
145 55 135 
142 52 132 
65 155 265 
9 189 99 
99 189 29 
9 299 189 
74 64 154 
74 154 65 
156 66 76 
0 61 160 
0 160 71 
71 160 61 
231 141 351 
358 248 368 
358 368 148 
2 63 162 
73 162 63 
136 226 57 
365 625 485 
251 151 381 
261 151 251 
67 157 267 
7 78 167 
62 152 72 
63 72 152 
150 60 61 
149 138 228 
75 65 164 
145 234 134 
134 234 144 
256 156 266 
66 266 156 
4 75 164 
156 256 386 
156 386 267 
267 386 256 
251 370 501 
76 156 67 
144 133 223 
144 223 54 
71 151 61 
62 152 262 
7 68 167 
139 49 59 
49 139 229 
148 237 137 
137 237 147 
377 507 257 
569 419 709 
569 709 439 
505 375 255 
80 70 280 
80 280 170 
154 265 65 
359 249 369 
359 369 149 
61 261 151 
149 239 359 
134 224 55 
530 380 820 
530 820 670 
142 131 231 
221 131 142 
147 136 226 
55 224 145 
147 236 136 
136 236 146 
52 221 142 
378 269 259 
209 339 459 
169 299 419 
356 246 366 
356 366 146 
265 154 384 
265 384 254 
254 384 154 
133 143 233 
132 222 53 
143 132 222 
143 222 53 
145 134 224 
51 220 141 
141 130 220 
51 220 130 
144 133 233 
501 251 371 
143 232 132 
132 232 142 
257 376 507 
373 254 504 
131 231 141 
244 354 234 
159 269 259 
139 149 239 
145 244 365 
145 365 355 
143 242 232 
149 248 238 
147 246 236 
248 238 358 
145 244 234 
169 79 159 
239 359 139 
149 248 369 
770 630 920 
480 920 630 
140 240 141 
144 243 364 
144 364 354 
267 156 67 
146 245 235 
146 245 366 
264 254 373 
255 374 265 
351 241 361 
351 361 141 
256 267 376 
150 61 261 
479 609 229 
64 154 264 
157 257 387 
157 387 268 
268 387 257 
257 157 267 
370 250 261 
368 628 488 
459 609 229 
363 483 243 
363 243 353 
255 385 266 
255 266 375 
266 375 256 
252 152 382 
262 152 252 
63 153 263 
153 264 64 
29 189 319 
29 319 209 
503 253 373 
255 155 265 
66 155 266 
459 209 589 
439 589 209 
479 359 249 
299 419 189 
250 261 260 
154 264 254 
69 158 269 
264 153 383 
264 383 253 
253 383 153 
153 263 253 
60 280 70 
159 169 279 
247 148 368 
60 150 280 
729 1049 899 
899 1049 749 
376 267 257 
260 150 530 
280 530 150 
190 100 300 
10 300 100 
10 300 80 
170 300 80 
257 377 268 
268 377 258 
255 155 385 
259 379 529 
148 238 358 
155 266 385 
189 439 319 
319 439 209 
500 510 250 
500 250 370 
240 141 361 
210 120 320 
30 320 120 
30 320 100 
190 320 100 
373 264 253 
236 146 356 
241 351 231 
366 486 246 
439 189 569 
419 569 189 
509 799 649 
246 356 236 
354 244 364 
235 145 355 
262 151 381 
262 381 251 
140 50 340 
140 340 230 
50 340 120 
210 340 120 
246 496 486 
242 232 352 
232 142 352 
357 247 367 
357 367 147 
360 240 361 
240 140 350 
263 152 382 
263 382 252 
245 235 355 
247 497 487 
487 367 247 
143 233 353 
371 502 641 
229 479 359 
143 242 363 
143 363 353 
367 246 496 
364 484 244 
241 142 362 
142 362 352 
352 242 362 
400 530 840 
240 360 350 
350 360 140 
372 252 263 
140 230 360 
258 378 269 
147 246 367 
621 491 631 
621 631 361 
355 245 365 
368 497 247 
158 269 388 
258 158 388 
258 388 269 
159 399 279 
279 399 169 
253 372 503 
399 689 549 
549 689 419 
389 159 399 
263 253 372 
508 377 258 
374 265 254 
169 399 549 
169 549 419 
159 389 259 
371 251 262 
371 252 262 
507 377 647 
339 459 229 
799 648 509 
371 252 502 
362 241 491 
481 491 241 
367 627 487 
260 250 510 
260 510 380 
609 459 749 
609 749 479 
497 487 627 
379 259 509 
373 503 643 
373 643 504 
365 485 245 
479 629 769 
481 361 241 
496 486 626 
368 488 248 
249 629 479 
366 245 495 
485 495 245 
362 482 242 
371 641 501 
363 623 483 
366 636 495 
369 489 249 
375 505 645 
375 645 506 
364 243 493 
483 493 243 
248 498 488 
629 499 639 
629 639 369 
369 248 498 
259 378 509 
365 494 244 
484 494 244 
439 589 729 
363 492 242 
242 492 482 
369 639 498 
367 637 496 
360 490 361 
495 625 485 
249 499 489 
490 631 361 
379 669 529 
529 669 399 
256 506 376 
377 647 508 
399 529 389 
258 508 378 
374 504 644 
374 644 505 
505 645 795 
646 797 507 
504 254 374 
259 529 389 
375 256 506 
502 372 252 
400 280 530 
380 530 260 
729 879 439 
509 649 379 
505 795 644 
300 170 550 
300 550 420 
280 170 550 
280 400 550 
790 1111 1110 
320 190 570 
320 570 440 
190 570 300 
300 420 570 
769 919 479 
376 506 646 
376 646 507 
492 482 622 
589 459 729 
1030 880 1190 
710 1190 880 
791 641 501 
340 210 590 
340 590 460 
210 590 320 
320 440 590 
368 638 497 
499 489 629 
499 629 249 
625 495 635 
625 635 365 
638 787 497 
631 931 771 
494 484 624 
362 622 482 
498 488 628 
649 969 819 
819 969 669 
230 340 610 
480 360 610 
230 610 360 
340 610 460 
624 364 634 
493 634 364 
366 626 486 
364 624 484 
490 360 620 
627 367 637 
361 481 621 
491 621 481 
504 644 794 
365 635 494 
493 623 483 
623 493 633 
623 633 363 
369 489 629 
629 769 499 
626 496 636 
626 636 366 
939 639 949 
788 949 639 
637 496 786 
776 786 496 
362 632 491 
622 362 632 
622 492 632 
624 494 634 
638 778 498 
934 784 944 
934 944 634 
490 630 620 
620 630 360 
360 480 630 
631 771 491 
630 490 631 
627 497 637 
499 789 779 
779 639 499 
492 633 363 
690 550 840 
400 840 550 
378 509 648 
510 800 500 
378 508 648 
709 419 859 
689 859 419 
420 550 860 
1069 1229 749 
503 793 642 
989 669 1149 
969 1149 669 
372 503 642 
372 642 502 
510 380 820 
793 1114 643 
643 1114 794 
370 640 500 
370 501 640 
939 789 949 
669 819 379 
781 931 771 
570 860 420 
709 439 879 
689 399 839 
669 839 399 
460 590 900 
501 640 791 
379 649 819 
632 932 772 
480 610 920 
729 459 899 
630 780 631 
938 638 948 
787 948 638 
637 777 497 
639 788 498 
479 749 919 
636 776 496 
493 783 773 
773 633 493 
634 493 783 
497 787 777 
780 940 930 
930 940 630 
930 630 780 
632 772 492 
769 499 939 
634 774 494 
495 785 775 
775 635 495 
933 783 943 
933 943 633 
503 643 793 
635 784 494 
798 647 508 
940 780 941 
494 784 774 
498 788 778 
633 782 492 
935 635 945 
784 945 635 
789 779 939 
789 939 499 
492 782 772 
636 785 495 
783 944 634 
632 781 491 
771 781 491 
638 938 778 
938 788 948 
641 502 792 
648 798 508 
796 645 506 
730 880 1210 
790 800 500 
790 500 640 
648 798 1119 
648 1119 799 
510 800 650 
504 794 643 
1049 729 1209 
1029 1209 729 
646 796 506 
792 502 642 
1029 879 729 
796 645 1116 
795 1116 645 
786 1106 1096 
1096 946 786 
1359 1539 1009 
940 1100 941 
1029 1189 709 
650 820 510 
800 650 1130 
820 1130 650 
782 932 772 
710 570 860 
1050 900 1210 
730 1210 900 
530 670 840 
459 899 749 
610 460 900 
610 900 750 
800 950 1130 
550 690 860 
859 709 1009 
931 781 941 
931 941 631 
1089 1249 769 
440 570 880 
730 590 880 
440 880 590 
570 710 880 
1118 957 1287 
797 1287 957 
797 957 1118 
631 941 780 
710 1190 860 
969 1299 1499 
969 1499 1319 
644 1115 794 
590 730 900 
839 669 989 
839 989 689 
635 935 775 
800 950 1110 
610 750 920 
1282 1463 1113 
859 689 1009 
637 777 937 
787 937 777 
954 1115 1284 
634 934 774 
782 943 633 
784 774 934 
937 787 947 
937 947 637 
636 936 776 
1100 940 1260 
786 936 776 
788 938 778 
785 935 775 
633 773 933 
783 933 773 
769 1089 939 
939 1089 789 
946 786 936 
1265 1105 1275 
1265 1275 945 
639 779 939 
630 770 940 
943 1093 783 
932 632 942 
781 942 632 
932 782 942 
944 1094 784 
785 636 946 
947 786 1106 
936 636 946 
948 787 1107 
1097 1107 787 
786 947 637 
1419 1599 1069 
935 785 945 
797 646 1117 
796 1117 646 
796 1117 956 
1112 1282 1462 
941 1271 1100 
642 1113 792 
1049 1229 1399 
1129 959 1299 
799 959 1129 
1230 1400 1600 
1339 1169 1009 
799 649 1129 
709 1029 879 
820 1130 970 
749 1069 919 
919 1069 769 
1467 1117 1287 
769 1249 1069 
1230 1580 1050 
1050 1580 1210 
1049 1229 749 
750 900 1230 
1189 1359 1009 
1250 1600 1070 
1070 1600 1230 
940 1250 770 
770 1250 920 
1277 1447 1107 
1277 1107 1267 
781 1101 1091 
1091 941 781 
1109 1099 1269 
1109 1269 789 
789 1099 1109 
1289 959 1299 
1107 1097 1267 
944 783 1103 
1093 1103 783 
945 1095 785 
1103 1093 1263 
955 1116 1285 
1261 941 1271 
945 1095 1265 
1105 1265 1095 
1130 1300 1500 
1100 1270 1260 
1260 1270 940 
946 785 1105 
1095 1105 785 
942 1092 782 
948 1098 788 
1089 1269 789 
942 1101 781 
1097 947 787 
784 1104 1094 
1090 940 1270 
1250 940 1090 
949 1099 789 
945 1275 1104 
949 1279 1108 
782 1102 1092 
943 782 1102 
949 1108 788 
945 1104 784 
1269 1109 1279 
1269 1279 949 
1098 1108 788 
798 1119 958 
1300 1480 1130 
1009 709 1189 
969 1129 649 
1009 1169 689 
1289 959 799 
1689 1519 1339 
647 797 1118 
647 1118 798 
1169 1339 989 
1030 880 1210 
943 1263 1093 
1119 1289 1469 
795 955 1285 
795 1285 1115 
793 1114 953 
1117 1287 797 
1209 1049 1379 
790 800 1110 
795 1116 955 
791 1112 951 
1287 1118 1468 
791 1112 641 
641 1112 792 
642 1113 793 
792 1113 952 
644 795 1115 
794 1115 954 
640 1111 790 
640 1111 791 
1283 793 1113 
1283 1113 1463 
670 820 1150 
990 840 1150 
670 1150 840 
820 970 1150 
969 1149 1319 
689 989 1169 
1580 1230 1400 
1010 860 1170 
690 1170 860 
690 1170 840 
1069 1249 1419 
840 990 1170 
1070 920 1230 
750 1230 920 
1451 1441 1631 
1269 1089 1439 
1269 1439 1109 
860 1010 1190 
1280 1110 1480 
944 1264 1094 
1456 1277 1637 
1104 1264 1094 
1270 1620 1090 
1090 1620 1250 
1149 1319 989 
946 1096 1266 
1106 1266 1096 
799 1289 1119 
900 1050 1230 
1440 1270 1620 
1106 1456 1446 
1446 1276 1106 
1285 1115 1465 
1359 1559 1729 
1108 1098 1268 
949 1099 1269 
1029 1209 1379 
920 1070 1250 
1129 1299 969 
947 1097 1267 
948 1268 1098 
942 1262 1092 
1278 1457 1107 
1102 1092 1262 
1263 1103 1273 
1263 1273 943 
1277 1456 1106 
941 1091 1261 
1101 1261 1091 
1030 1190 1560 
1261 1101 1271 
947 1277 1106 
948 1278 1107 
1267 947 1277 
1266 946 1276 
1105 1276 946 
1279 1108 1458 
1448 1458 1108 
1278 1448 1108 
1278 1108 1268 
1264 1104 1274 
1264 1274 944 
1262 1102 1272 
1262 1272 942 
1268 948 1278 
1101 1272 942 
1266 1106 1276 
1103 1274 944 
1379 1049 1579 
1270 1100 1271 
1109 1459 1449 
1449 1279 1109 
1102 1273 943 
1288 1469 1828 
1467 1286 1826 
1466 1826 1286 
1229 1399 1069 
1210 1560 1030 
798 958 1288 
798 1288 1118 
1069 1399 1599 
958 1119 1288 
1709 1359 1909 
1280 1460 1461 
1359 1189 1029 
1288 1469 1119 
1286 1117 956 
956 796 1286 
1750 1580 1930 
1380 1930 1580 
792 952 1282 
792 1282 1112 
1010 1170 1540 
1284 954 794 
1116 796 1286 
990 1150 1520 
1280 1111 1110 
1282 1113 952 
794 1284 1114 
1281 951 1112 
1281 951 791 
791 1281 1111 
793 953 1283 
953 1114 1283 
1560 1910 1360 
1360 1910 1540 
1112 1462 1281 
1399 1579 1049 
1420 1250 1600 
1271 1441 1631 
1249 1419 1089 
1299 1499 1669 
1284 1465 1115 
1286 1467 1117 
1559 1729 1379 
1709 1339 1889 
1689 1889 1339 
1271 1441 1101 
1419 1089 1619 
1272 1442 1102 
1107 1457 1447 
1459 1449 1639 
1459 1639 1109 
1457 1278 1638 
1103 1453 1443 
1443 1273 1103 
1274 1444 1104 
1105 1455 1445 
1445 1275 1105 
1276 1455 1105 
1450 1270 1630 
1440 1630 1270 
1285 1116 1466 
1459 1639 1819 
1809 1639 1459 
1275 1454 1104 
1273 1452 1102 
1104 1454 1444 
1442 1452 1102 
1109 1439 1639 
1270 1450 1271 
1450 1631 1271 
1645 2015 1826 
1645 1826 1466 
1466 2015 1645 
1278 1638 1448 
1272 1451 1101 
1441 1451 1101 
1274 1453 1103 
1827 2017 1468 
1170 1520 990 
1320 1150 1500 
970 1500 1150 
1283 1464 1114 
1029 1559 1359 
1829 2018 2209 
1829 2209 2019 
2019 1829 1649 
1380 1210 1560 
1729 2299 2099 
1465 1825 1644 
1360 1190 1540 
1010 1540 1190 
1286 1116 1466 
1464 1114 1284 
1110 1480 950 
1111 1461 1280 
1288 1118 1468 
1299 1479 1289 
1319 989 1519 
1869 1669 2059 
1869 2059 1689 
1130 970 1500 
1339 1539 1709 
1339 1539 1009 
1480 1130 950 
1281 1111 1461 
1339 1519 989 
1827 1287 1468 
1823 1464 1283 
1823 1283 1463 
1210 1380 1580 
1379 1559 1029 
1340 1170 1520 
1479 1289 1649 
1479 1649 1299 
1150 1320 1520 
1170 1340 1540 
1190 1360 1560 
1379 1749 1579 
1579 1749 1399 
1089 1619 1439 
1420 1600 1970 
1819 1458 1999 
1599 1769 1399 
1272 1442 1632 
1452 1632 1442 
1469 1829 1289 
2259 2449 2059 
1419 1789 1619 
1619 1789 1439 
1454 1635 1275 
1275 1635 1445 
1639 1819 1458 
1451 1272 1632 
1452 1273 1633 
1634 1454 1814 
1634 1814 1453 
1277 1447 1637 
1457 1637 1447 
1250 1420 1620 
1453 1634 1274 
1274 1634 1444 
1454 1444 1634 
1455 1276 1636 
1276 1636 1446 
1456 1636 1446 
1458 1638 1448 
1455 1635 1445 
1633 1453 1813 
1633 1813 1452 
1458 1279 1639 
1273 1443 1633 
1453 1633 1443 
1456 1817 1637 
1279 1449 1639 
1825 2205 2014 
1499 1669 1319 
1285 1825 1465 
1730 1560 1910 
1600 1950 1400 
1400 1950 1580 
1319 1689 1519 
1729 1379 1929 
1453 2003 1813 
1285 1466 1825 
1319 1869 1669 
1729 1909 1359 
1440 1990 1810 
1810 1630 1440 
1539 1359 1709 
1889 1709 2079 
1467 1287 1827 
1299 1649 1849 
1299 1849 1669 
2139 2509 2709 
2139 2709 2529 
1643 2013 1824 
1643 1824 1464 
1464 2013 1643 
1463 1823 1642 
1646 1467 1827 
1969 1789 2159 
1749 1949 2139 
1599 1769 1419 
1970 2340 1770 
1770 2340 1950 
1769 1949 1399 
1399 1949 1749 
2009 2389 2199 
1457 1818 1638 
2039 1849 1669 
1730 1910 2300 
2772 2583 2963 
1969 1769 2159 
1440 1620 1990 
2007 2196 2387 
1789 1419 1969 
1769 1969 1419 
1451 1812 1632 
1620 1970 1420 
1689 1869 1319 
1439 1809 1639 
1819 2009 1459 
1459 2009 1809 
1637 1817 1457 
1989 1789 2179 
1989 2179 1809 
1636 1816 1456 
1816 2005 1996 
1996 2005 1455 
1996 1455 1816 
1647 1828 2017 
1638 1818 1458 
1451 1811 1631 
1631 1811 1450 
1632 1452 1812 
1648 1469 1829 
1455 1816 1636 
1455 1815 2005 
1649 1829 1289 
1990 2360 1790 
1790 2360 1970 
1288 1828 1468 
1630 1810 1450 
1457 2007 1817 
1811 1450 1991 
1457 2007 1998 
1635 1455 1815 
1635 1815 1454 
1689 1889 2079 
1340 1520 1890 
1820 1830 1460 
1830 1280 1460 
1480 1830 1280 
2017 2397 2207 
1824 1284 1465 
1320 1500 1870 
1464 1284 1824 
2207 2017 1827 
2207 1827 2016 
2299 2099 2489 
2299 2489 2119 
1641 2011 1462 
1462 2011 1821 
1830 1650 1480 
1462 1822 1641 
1462 1282 1822 
1829 2018 1648 
1822 1282 1463 
1380 1930 1560 
1749 1929 1379 
1690 1520 1870 
1320 1870 1520 
1468 1828 1647 
1649 2019 2219 
1649 2219 2039 
1460 1461 1820 
1540 1890 1340 
1821 1281 1462 
1821 1281 1461 
1849 2039 1649 
1461 1821 1640 
1520 1690 1890 
1710 1540 1890 
2139 1749 2319 
2119 2319 1749 
1480 1650 1850 
1300 1480 1850 
1500 1850 1300 
1850 1670 1500 
1641 1822 2011 
1770 1600 1950 
1500 1670 1870 
1464 2013 1823 
1825 2015 1466 
1909 2099 1709 
1909 2099 1729 
1540 1710 1910 
2003 2383 2193 
1949 2139 1769 
1950 2140 2340 
1451 2001 1811 
1560 1730 1930 
2019 2409 2219 
2219 2409 2039 
1790 1620 1970 
2179 2569 2379 
2379 2569 2199 
1580 1750 1950 
1647 2017 1468 
2381 2001 2191 
1813 1452 1993 
1812 2001 1992 
1992 2001 1451 
1992 1451 1812 
1809 1989 1439 
1600 1770 1970 
1452 2002 1812 
1815 1454 1995 
2079 2469 2279 
2279 2469 2099 
1817 1456 1997 
1450 2000 1810 
1453 2003 1994 
1789 1989 1439 
1814 2193 2004 
2008 2197 1818 
1818 2197 2007 
1818 1457 1998 
1620 1790 1990 
1814 1453 1994 
1814 2003 1994 
2119 1729 2299 
1452 2002 1993 
1815 2004 1995 
1995 2004 1454 
1458 2008 1818 
1817 2006 1997 
1997 2006 1456 
1813 2002 1993 
1819 2008 1999 
1999 2008 1458 
2771 2392 2582 
1456 2006 1816 
1454 1814 2004 
2006 2196 1817 
1450 2000 1991 
1811 2000 1991 
1809 2009 2199 
1818 2007 1998 
1827 2016 1646 
1769 2139 2339 
1769 2339 2159 
1828 2018 1469 
2395 2206 2585 
1646 2016 1467 
1467 2016 1826 
2014 1644 1825 
2202 1822 2012 
1648 1469 2018 
1930 2300 1730 
2010 2390 2201 
1826 2206 2015 
1644 2014 1465 
1465 2014 1824 
1642 2012 1463 
1463 2012 1822 
1642 1823 2012 
1820 2010 1461 
1640 2010 1461 
1640 1821 2010 
2398 2209 2018 
2280 2470 2670 
2730 3100 2530 
2530 3100 2710 
1990 1810 2380 
2583 2394 2204 
2204 2393 2583 
2205 2015 1825 
2012 1823 2203 
1729 2119 1929 
1929 2119 1749 
2160 1970 2340 
2469 2649 2079 
1910 2100 2300 
2398 2587 2208 
1850 2240 2040 
2040 2220 1850 
1811 2190 2001 
2180 1990 2360 
2079 2259 1689 
2003 2383 2192 
2190 2381 2380 
2380 2000 2190 
1811 2190 2000 
1789 2159 2359 
1789 2359 2179 
2204 2394 2014 
2009 2198 1819 
1819 2198 2008 
2340 2710 2140 
2140 2710 2320 
2001 2190 2381 
2202 2392 2581 
1814 2193 2003 
2006 2195 1816 
1816 2195 2005 
1815 2194 2005 
1815 2194 2004 
2007 2196 1817 
2002 2192 1813 
2003 2192 1813 
2002 2191 1812 
1812 2191 2001 
2007 2387 2197 
2199 2379 1809 
2000 2380 1810 
2650 2280 2470 
1709 2079 2279 
1709 2279 2099 
2140 1950 2320 
1750 2320 1950 
2059 1669 2239 
2039 2239 1669 
2017 2208 2397 
2014 2394 2205 
2015 2206 2395 
2220 1830 2020 
2159 2549 2359 
2359 2549 2179 
2013 2204 2393 
2239 2059 2429 
1826 2016 2206 
2300 2670 2100 
2100 2670 2280 
2018 1828 2208 
2017 2208 1828 
2339 2529 2139 
1750 2320 1930 
2013 1824 2204 
2011 1822 2202 
2015 2395 2205 
2200 1820 1830 
1820 2010 2200 
2020 1830 2200 
2204 2014 1824 
2203 1823 2013 
2201 2011 1821 
2201 1821 2010 
2220 1850 1650 
1830 1650 2220 
1689 2059 2259 
1850 2240 1670 
2060 1870 2240 
1670 2240 1870 
2581 2392 2771 
2209 2399 2019 
2489 2099 2669 
2469 2669 2099 
2080 1890 2260 
1690 2260 1890 
1690 2260 1870 
1870 2060 2260 
2549 2159 2729 
2529 2729 2159 
2386 2765 2575 
2039 2239 2429 
2280 1910 2100 
1710 2280 1910 
1710 2280 1890 
2967 2777 2587 
2967 2587 2776 
1890 2080 2280 
2120 1930 2300 
2207 2016 2396 
2489 2119 2689 
2040 2240 2610 
2610 2220 2040 
1930 2120 2320 
2179 1809 2379 
2259 2449 2079 
2587 2397 2208 
2570 2380 2750 
2180 2750 2380 
2778 2589 2969 
2002 2382 2191 
2381 2760 2380 
2386 2576 2196 
2012 2392 2203 
2386 2575 2195 
2195 2575 2385 
2388 2008 2198 
2005 2385 2194 
1970 2160 2360 
2386 2006 2196 
2382 2002 2192 
2197 2577 2388 
2197 2577 2387 
2006 2386 2195 
2009 2389 2198 
2196 2576 2387 
2583 2393 2772 
2008 2197 2388 
2388 2767 2578 
2004 2384 2194 
2385 2005 2195 
2206 2396 2016 
2384 2574 2194 
2004 2193 2384 
1990 2180 2380 
2198 2578 2389 
2319 2119 2509 
2319 2509 2139 
2710 3080 2510 
2510 3080 2690 
2202 2581 2391 
2208 2398 2018 
2320 2690 2120 
2120 2690 2300 
2490 2300 2670 
2011 2391 2202 
2589 2779 2409 
2409 2019 2589 
2669 2469 2859 
2669 2859 2489 
2587 2397 2776 
2202 2392 2012 
2449 2649 2079 
2010 2390 2200 
2039 2609 2409 
2203 2393 2013 
2201 2391 2011 
2449 2649 2839 
2360 2730 2160 
2160 2730 2340 
2019 2589 2399 
2119 2689 2509 
2589 2969 2779 
2388 2767 2577 
2020 2200 2590 
2585 2206 2396 
2550 2360 2730 
2920 2730 3100 
2587 2777 2398 
2339 2529 2159 
2765 3145 2954 
2766 2387 2577 
2819 2629 2449 
2749 2569 2939 
2569 2179 2749 
2549 2749 2179 
2570 2760 2380 
2579 2769 2199 
2199 2769 2569 
2384 2573 2193 
2193 2573 2383 
2382 2761 2571 
2220 2590 2020 
2385 2764 2575 
2749 2549 2939 
2384 2573 2763 
2382 2761 2572 
2385 2574 2194 
2382 2572 2192 
2388 2578 2198 
2192 2572 2383 
2390 2590 2200 
2384 2763 2574 
2430 2240 2610 
2763 3143 2953 
2191 2571 2382 
2191 2571 2381 
2962 2772 2582 
2962 2582 2771 
2967 2776 3156 
2389 2579 2199 
2394 2205 2584 
2207 2586 2397 
2396 2586 2207 
2209 2398 2588 
2209 2588 2399 
2489 2859 3059 
2489 3059 2879 
2689 2879 2489 
2773 2394 2584 
2584 2395 2205 
2609 2429 2799 
2583 2394 2773 
2395 2774 2585 
2059 2429 2629 
2059 2629 2449 
2396 2775 2585 
2429 2609 2039 
2582 2393 2203 
2203 2392 2582 
2778 2589 2399 
2581 2391 2770 
2529 3099 2899 
2220 2590 2410 
2580 2391 2201 
2201 2390 2580 
2429 2819 2629 
2709 2899 2509 
2220 2410 2610 
2609 2409 2799 
2649 2469 2839 
3330 3140 3510 
2940 3510 3140 
2450 2260 2630 
2060 2630 2260 
2060 2630 2240 
2240 2430 2630 
2510 2320 2690 
2080 2650 2280 
2080 2650 2260 
2260 2450 2650 
2530 2340 2710 
2880 2690 3080 
3060 2690 2880 
2709 2899 2529 
2300 2490 2690 
2729 2529 2919 
2729 2919 2549 
2180 2750 2360 
2396 2586 2775 
2320 2510 2710 
2761 2950 2571 
2571 2950 2760 
2530 2340 2730 
2690 3060 2490 
2490 3060 2670 
2588 2777 2398 
2385 2574 2764 
2550 2360 2750 
2820 2630 3000 
2430 3000 2630 
2574 2953 2764 
2760 2381 2571 
2383 2762 2573 
2387 2766 2576 
2383 2762 2572 
2765 2386 2576 
2389 2768 2579 
2773 2584 2964 
2389 2578 2768 
3389 3189 3579 
3389 3579 3209 
2765 2954 2575 
2575 2954 2764 
2819 2999 2429 
2550 2730 3120 
2770 3150 2961 
2586 2776 2397 
2963 2773 2583 
3189 2999 2819 
2779 2409 2979 
2399 2778 2588 
2799 2979 2409 
2879 2689 2509 
2772 2393 2582 
3080 3450 2880 
2880 3450 3060 
2395 2774 2584 
2470 2650 3040 
2580 2391 2770 
3489 3679 3289 
2919 3309 3119 
3119 3309 2939 
2450 2630 3020 
2820 3020 2630 
2710 2900 3100 
2965 2585 2775 
2773 2964 3153 
2899 2509 3079 
2879 3079 2509 
2774 2585 2965 
2578 2957 2768 
2940 2750 3120 
2550 3120 2750 
2879 3079 3269 
3309 3489 2919 
2859 3039 2469 
3908 3528 3718 
3148 2768 2958 
3146 3335 2955 
2955 3335 3145 
2964 3343 3153 
2577 2956 2767 
2969 3159 2779 
2761 2950 3141 
2919 3099 2529 
2610 2430 3000 
2569 2939 3139 
2569 3139 2959 
2579 2958 2769 
2763 2953 2574 
2768 2958 2579 
2766 2955 2576 
2576 2955 2765 
2762 3142 2951 
2766 2956 2577 
2761 3141 2951 
2919 2549 3119 
2767 2957 2578 
3229 3039 2859 
2573 2952 2763 
2762 2952 2573 
2767 3147 2956 
2572 2951 2762 
2572 2951 2761 
3725 3915 3535 
2760 3140 2570 
2769 3149 2958 
2569 2959 2769 
2570 3140 2750 
2900 2710 3080 
2800 2610 3000 
2980 2610 2800 
3269 3659 3469 
3469 3659 3289 
2964 3154 3343 
3343 3153 3532 
2775 2966 3155 
3189 3369 2799 
3349 3539 3169 
3349 3169 2779 
2860 2670 3040 
2470 3040 2670 
2966 2776 2586 
2586 2775 2966 
3369 3189 3559 
3019 2819 3209 
3019 3209 2839 
2777 2968 3157 
3270 3080 3450 
2840 2650 3020 
2450 3020 2650 
3230 3410 3800 
2839 2449 3019 
2819 3019 2449 
2963 3153 2773 
2588 2777 2968 
2588 2968 2778 
2429 2799 2999 
2964 2584 2774 
3059 3249 2859 
2960 2780 2590 
2590 2390 2960 
2960 2390 2580 
2770 2580 2960 
2860 3040 3430 
2770 2581 2961 
2961 2771 2581 
2980 2590 2780 
2839 2469 3039 
2980 2410 2590 
2610 2980 2410 
2772 3152 2963 
3155 2966 3345 
2839 3209 3409 
2839 3409 3229 
3289 3469 2899 
3429 3229 3619 
3429 3619 3249 
3039 3229 2839 
3079 3269 2899 
3158 2969 2778 
2777 3157 2967 
3370 3190 3760 
3390 3760 3190 
3099 2899 3289 
3099 3289 2919 
2650 2840 3040 
2899 3269 3469 
2670 2860 3060 
2775 3155 2965 
2549 3119 2939 
3156 3346 3535 
3139 3329 2939 
2769 3149 2959 
2940 3120 3510 
2774 3154 2965 
3142 3331 2951 
2951 3331 3141 
3144 2764 2954 
2730 2920 3120 
2779 3169 2979 
2979 3169 2799 
3146 2766 2956 
3531 3152 3341 
3142 2762 2952 
3144 3333 2953 
2953 3333 3143 
2780 2960 3350 
2950 3141 3140 
3140 2760 2950 
3145 2765 2955 
3147 2767 2957 
2763 3143 2952 
3139 3329 2959 
3147 3337 2957 
2956 3336 3147 
2766 3146 2955 
2768 2957 3148 
3347 3157 2968 
2968 3158 2778 
2764 2953 3144 
2750 2940 3140 
3144 3523 3333 
3059 3249 2879 
2900 3080 3470 
3150 3350 2960 
2999 3189 2799 
2771 3151 2962 
3348 3537 3158 
2966 2776 3156 
3599 3779 3209 
3347 3537 3158 
3158 3347 2968 
2774 3154 2964 
3345 2966 3156 
2772 3152 2962 
2770 3150 2960 
2961 3151 2771 
4049 4229 3659 
3343 3154 3533 
3531 3152 3342 
2859 3429 3229 
3209 3389 2819 
3169 3369 2799 
2962 3152 3341 
3146 3336 2956 
2962 3151 3341 
3526 3147 3337 
2920 3100 3490 
2958 3338 3149 
3120 3490 2920 
3149 3339 2959 
3820 4190 3620 
3620 4190 3800 
3142 3521 3332 
3148 3337 2957 
3141 3520 3140 
3159 2779 3349 
3509 3329 3699 
3148 3337 3527 
3509 3309 3699 
3145 3334 2954 
2954 3334 3144 
3142 3331 3521 
2958 3338 3148 
3249 2859 3429 
3143 3332 2952 
2952 3332 3142 
3144 3523 3334 
3722 3532 3342 
3722 3342 3531 
3146 3335 3525 
3527 3148 3338 
3155 3534 3345 
3230 3040 3410 
2840 3410 3040 
2819 3389 3189 
3344 2965 3155 
3729 3919 3539 
2967 3346 3157 
3156 3346 2967 
3345 3535 3156 
3209 3599 3409 
3409 3599 3229 
3269 3449 2879 
2980 3350 2780 
3723 3343 3533 
3344 2965 3154 
2840 3410 3020 
2969 3159 3348 
3158 2969 3348 
2980 3350 3170 
2963 3342 3152 
3342 3153 2963 
3341 3151 3530 
3249 3449 3639 
3722 4101 3911 
3534 3914 3725 
3229 3799 3599 
3340 3151 2961 
2961 3150 3340 
3250 3060 3430 
2860 3430 3060 
3370 3560 3760 
3489 3679 3309 
2980 3170 3370 
2800 3000 3370 
3370 2980 2800 
3190 3000 3370 
3145 3334 3524 
3250 3430 3820 
3230 3040 3430 
3290 3100 3470 
2900 3470 3100 
3533 3154 3344 
3000 3390 3190 
2820 3000 3390 
3020 2820 3390 
3020 3390 3210 
3532 3343 3723 
3349 3538 3729 
3349 3729 3539 
3449 3639 3269 
3725 3345 3535 
3347 3157 3536 
3020 3210 3410 
2879 3449 3249 
3727 3537 3347 
3727 3347 3536 
3270 3080 3470 
3060 3250 3450 
3310 3120 3490 
3538 3349 3159 
2919 3289 3489 
4380 4210 4560 
4010 4560 4210 
3700 3510 3880 
3310 3880 3510 
3329 3509 2939 
3450 3820 3250 
3580 3390 3760 
3660 3470 3840 
3270 3840 3470 
3780 3970 4170 
3699 3879 3309 
3100 3290 3490 
3330 3520 3140 
3524 3145 3335 
3146 3525 3336 
3309 3509 2939 
4209 4009 4379 
4209 4379 4029 
3520 3141 3331 
3839 4029 3639 
3334 3713 3524 
3120 3310 3510 
2959 3529 3339 
3527 3907 3717 
3143 3522 3332 
3149 3528 3338 
3143 3522 3333 
3147 3336 3526 
3149 3528 3339 
2959 3529 3329 
3525 3714 3335 
3335 3714 3524 
3680 3490 3860 
3290 3860 3490 
3159 3538 3348 
3209 3579 3779 
3346 3536 3157 
3559 3189 3759 
3369 3169 3559 
3532 3153 3342 
3580 3390 3780 
3579 3759 3189 
3534 3155 3344 
3340 3151 3530 
4029 4209 3639 
4050 3860 4230 
3660 4230 3860 
3535 3726 3915 
3532 3912 3723 
3639 3819 3249 
3619 3249 3819 
3679 3859 3289 
4069 4249 3679 
4190 4360 4560 
3290 3860 3470 
3679 3879 3309 
3659 3839 3269 
3329 3699 3899 
3329 3899 3719 
3534 3345 3725 
3390 3210 3780 
3410 3780 3210 
3710 3901 3900 
3900 3520 3710 
3338 3717 3528 
3331 3710 3521 
3337 3716 3527 
3520 3710 3331 
3522 3711 3902 
3523 3903 3712 
3310 3490 3880 
3700 3880 4270 
3270 3840 3450 
3339 3718 3529 
3909 4099 3719 
3523 3713 3334 
3528 3718 3339 
3526 3715 3336 
3336 3715 3525 
3526 3716 3337 
3521 3710 3901 
3619 3799 3229 
3527 3907 3716 
3724 3914 3534 
3527 3717 3338 
3333 3712 3523 
3522 3712 3333 
3904 3524 3714 
3521 3901 3711 
3332 3711 3522 
3332 3711 3521 
3329 3719 3529 
4130 3950 4500 
4150 4500 3950 
4102 4463 3922 
3922 4463 3913 
3922 3913 4102 
3348 3538 3728 
3533 3724 3913 
3537 3348 3728 
3539 3929 3739 
3739 3929 3559 
3969 3579 4149 
3949 4149 3579 
3600 3780 4170 
3639 4209 4009 
4105 3726 3916 
4105 3916 3925 
4103 4464 3923 
3923 4464 3914 
3923 3914 4103 
3169 3739 3539 
3918 3927 4107 
3918 4107 3728 
3740 3370 3560 
3724 3344 3534 
3540 3720 4110 
3346 3726 3535 
3533 3344 3724 
3169 3739 3559 
3760 3950 4150 
3799 3619 3989 
3726 3536 3346 
4029 4229 3659 
3759 3949 3559 
4098 4638 4458 
3720 3540 3350 
3350 3150 3720 
3720 3150 3340 
3530 3340 3720 
3600 3410 3780 
3530 3341 3721 
3721 3531 3341 
3740 3350 3540 
3740 3170 3350 
3370 3740 3170 
3918 3729 3538 
3620 3430 3800 
3230 3800 3430 
3929 4129 4299 
3660 3840 4230 
3879 3679 4069 
3879 4069 3699 
3537 3728 3917 
3989 4169 3599 
3530 3910 3721 
3639 3269 3839 
3659 3859 4049 
4009 3819 3639 
3839 4029 3659 
3728 3917 4107 
3537 3917 3727 
3410 3600 3800 
3640 3450 3820 
3659 3859 3289 
3903 3523 3713 
3430 3620 3820 
3580 3760 4150 
3759 3949 3579 
4103 3914 3724 
3724 3913 4103 
3450 3640 3840 
3906 4096 3716 
3727 3536 3916 
3522 3902 3712 
3470 3660 3860 
4090 3900 4270 
3700 4270 3900 
3699 4089 3899 
3899 4089 3719 
3490 3680 3880 
3529 3909 3719 
3906 3526 3716 
3525 3905 3714 
3717 4097 3908 
3619 4009 3819 
3717 4097 3907 
4090 4271 3901 
3529 3909 3718 
3905 3525 3715 
3718 4098 3909 
3520 3900 3330 
3330 3510 3900 
3510 3700 3900 
3526 3906 3715 
3524 3713 3904 
3716 4096 3907 
3726 3536 3916 
3728 3918 3538 
3528 3717 3908 
3906 4095 3715 
3715 4095 3905 
4473 4813 4463 
4463 4813 4642 
3599 4169 3969 
3921 4101 3912 
3722 3912 4101 
3990 3800 4170 
3600 4170 3800 
3779 3969 3579 
4009 4189 3619 
3531 3911 3722 
3779 3969 3599 
3949 4299 4499 
3949 4499 4319 
3901 4450 4271 
4271 4450 4090 
3722 3912 3532 
3530 3910 3720 
3723 3913 3533 
3721 3911 3531 
4010 4190 4560 
3910 4110 3720 
4282 4102 4463 
3799 3599 3989 
3760 3950 4130 
3780 3970 4150 
4150 3970 4520 
4170 4520 3970 
3859 4049 3679 
4359 4539 3989 
3969 4169 4339 
3680 3860 4250 
4100 4461 3920 
3920 4461 3911 
3920 3911 4100 
3949 3559 4129 
3929 4129 3559 
3901 4091 3711 
3711 4091 3902 
4105 3726 3915 
3908 4098 3718 
4278 4457 3908 
3908 4457 4098 
3880 4250 3680 
3926 4106 4467 
3926 4467 3917 
3917 4106 3926 
4709 4539 4359 
4269 4439 4069 
3902 4451 4272 
4272 4451 4091 
4272 4091 3902 
4399 4049 4599 
3713 4093 3904 
3719 4099 4089 
3903 4093 3713 
3901 3900 4090 
4279 4458 3909 
3909 4458 4099 
4276 4095 4455 
3902 4451 4092 
3904 4094 3714 
3905 4094 3714 
3712 4092 3903 
3902 4092 3712 
4810 4811 4640 
4477 4647 4287 
4477 4287 4467 
4475 4815 4465 
4465 4815 4644 
4454 3905 4095 
3929 4109 3539 
3539 4109 3919 
4101 3921 4462 
4089 4099 4459 
3727 3917 4106 
3916 4106 3727 
3723 3913 4102 
3723 3912 4102 
4419 4619 4789 
3840 4210 3640 
3640 4210 3820 
4464 4284 4474 
3914 3725 4104 
4104 3725 3915 
4104 3915 3924 
4439 4619 4069 
4460 4100 4461 
4461 3911 4101 
4461 4101 4281 
4069 4619 4419 
4169 4339 3989 
3729 3918 4108 
3729 4108 3919 
4010 3820 4190 
4189 4359 3989 
3928 4108 3919 
3928 4469 4108 
4282 4102 4462 
3740 4110 3540 
4229 4049 4399 
4480 4110 4280 
3740 4110 3930 
3721 4100 3910 
3721 3911 4100 
3619 3989 4189 
4790 4620 4950 
4420 4950 4620 
4029 4379 4579 
4029 4579 4399 
4479 3929 4109 
3560 4130 3760 
4130 3740 3560 
3740 4130 3930 
4462 4282 4472 
3780 3580 4150 
4286 4466 4476 
4286 4476 4646 
4030 3840 4210 
4399 4769 4599 
4599 4769 4419 
4645 4466 4285 
4096 4277 3907 
3949 4149 4319 
4750 4580 4910 
4380 4910 4580 
4339 4519 3969 
3840 4030 4230 
4102 3912 4462 
3800 3990 4190 
4289 4469 4109 
4109 4469 3919 
3820 4010 4210 
4473 4643 4283 
4473 4283 4463 
4070 3880 4250 
3679 4049 4249 
4647 4818 4468 
4818 4977 4647 
4647 4977 4657 
3699 4069 4269 
3699 4269 4089 
3907 4456 4277 
4277 4456 4096 
4278 4457 4097 
4278 4097 3908 
4149 3969 4319 
4288 4468 4108 
4108 4468 3918 
3860 4050 4250 
4098 4279 3909 
4092 4273 3903 
4093 4274 3904 
4095 4276 3906 
3928 4469 3919 
4275 4454 3905 
4450 3901 4091 
3880 4070 4270 
4094 4275 3905 
3904 4453 4274 
4274 4453 4093 
3906 4455 4276 
3924 4104 4465 
3924 4465 3915 
4289 4469 4479 
4520 4320 4850 
4520 4850 4690 
4129 3949 4299 
4379 4009 4559 
4359 4559 4009 
4106 4467 4286 
4104 3914 4464 
4455 3906 4096 
3969 4319 4519 
4340 4170 4520 
4359 4189 4009 
4975 4816 4645 
4190 4540 3990 
3990 4540 4170 
4463 3913 4103 
4463 4103 4283 
4229 4029 4399 
4339 4709 4539 
3989 4339 4539 
4100 3910 4460 
4288 4469 4108 
3916 4466 4106 
4107 4287 4467 
4107 4467 3917 
4049 4599 4419 
4106 4466 4286 
4070 4250 4620 
4360 4190 4540 
4475 4285 4645 
4451 4631 4091 
4091 4631 4450 
4050 4230 4600 
4458 4808 4639 
4519 4689 4319 
4400 4230 4580 
4030 4580 4230 
4479 4649 4299 
4299 3929 4479 
4730 4560 4890 
4360 4890 4560 
4636 4455 4805 
4619 4789 4439 
4559 4359 4729 
4559 4729 4379 
4477 4817 4467 
4467 4817 4646 
4269 4439 4089 
4249 4419 4049 
4249 4419 4069 
4440 4270 4620 
4070 4620 4270 
4285 4465 4105 
3915 4105 4465 
4281 4101 4462 
4284 4104 4465 
4130 4300 4500 
3903 4452 4273 
4273 4452 4092 
4633 5123 4963 
4963 5123 4802 
4963 4802 4633 
3904 4453 4094 
4284 4104 4464 
3921 4462 3912 
4801 5121 4631 
4631 4451 4801 
4479 4109 4289 
4279 4098 4458 
4709 4339 4869 
4689 4869 4339 
3907 4456 4097 
3903 4452 4093 
4456 4637 4097 
4320 4150 4500 
4275 4094 4454 
4457 4638 4098 
4089 4639 4439 
4643 4464 4283 
3925 4105 4466 
3925 4466 3916 
4641 4281 4462 
4471 4281 4641 
4647 4657 4817 
4647 4817 4477 
4287 4468 4107 
4637 5127 4967 
4967 5127 4806 
4967 4806 4637 
4107 3927 4468 
4283 4464 4103 
4468 4287 4647 
3927 4468 3918 
4468 4478 4818 
4480 4300 4130 
4130 3930 4480 
4460 4110 4280 
4110 3930 4480 
4465 4285 4475 
4285 4466 4105 
4644 4465 4284 
4460 3910 4110 
4999 5149 4669 
4849 4689 4999 
4655 4815 4645 
4475 4645 4815 
4670 4500 4850 
4830 4500 4670 
4030 4580 4210 
4320 4520 4150 
4359 4889 4709 
4250 4600 4050 
4638 4808 4458 
4170 4340 4540 
4380 4560 4910 
5134 4984 5144 
4800 4630 5120 
4960 5120 4630 
4459 4089 4639 
4650 4480 4830 
4810 4480 4650 
4889 4709 5039 
4889 5039 4729 
4579 4749 4379 
4210 4380 4580 
5079 5389 5249 
5249 5389 5099 
4090 4630 4450 
4439 4639 4809 
4420 4250 4600 
4730 4560 4910 
4230 4400 4600 
4459 4639 4099 
4099 4639 4458 
4669 4829 4299 
4419 4949 4769 
4653 4973 4643 
4643 4813 4653 
4090 4270 4630 
4440 4630 4270 
4097 4637 4457 
4096 4636 4456 
4454 4635 4095 
4453 4633 4093 
4093 4633 4452 
4620 4630 4440 
4250 4420 4620 
4478 4468 4288 
4455 4636 4096 
4454 4634 4094 
4094 4634 4453 
4635 4805 4455 
4452 4632 4092 
4092 4632 4451 
4455 4635 4095 
4637 4807 4457 
4638 4457 4807 
5283 4983 5143 
5133 5143 4983 
4929 4749 5079 
4929 5079 4769 
4579 4749 4399 
4469 4288 4648 
4288 4478 4648 
4654 4974 4644 
4654 4644 4814 
4519 4689 4339 
4710 4540 4870 
4340 4870 4540 
4299 4669 4499 
4499 4669 4319 
4689 4869 5019 
4472 4642 4282 
4642 4282 4463 
4474 4284 4644 
4467 4646 4286 
4654 4824 4814 
4648 4469 4819 
4479 4819 4469 
4655 4975 4645 
4479 4819 4649 
4640 4461 4460 
4460 4640 4470 
4461 4281 4471 
4816 4476 4646 
4816 4646 4656 
4730 4890 5210 
4643 4814 4464 
5079 5369 5519 
5079 5519 5389 
4971 4812 4641 
4829 4979 4659 
4659 4819 4829 
5060 4910 5210 
4730 5210 4910 
4630 4450 4800 
4974 4815 4644 
4805 5125 4635 
4749 4909 4379 
4400 4580 4930 
4789 4949 4419 
4973 4814 4643 
4813 4823 5133 
5133 4972 4813 
4975 4655 4825 
4815 4825 4655 
4809 4969 4439 
4949 4789 5099 
4729 4379 4909 
4320 4500 4850 
4360 4540 4890 
4974 4654 4824 
4632 4802 4452 
4632 4451 4801 
4319 4849 4669 
4802 4452 4633 
4659 4819 4649 
4636 4806 4456 
4961 5121 4631 
4634 4804 4454 
4789 4439 4969 
4633 4803 4453 
4961 5121 4800 
4961 4800 4631 
4635 4454 4804 
4800 4450 4631 
4637 4456 4806 
4808 5129 4969 
4634 4453 4803 
4803 5123 4633 
4645 4816 4466 
4729 4359 4889 
4649 4299 4829 
4653 4973 4823 
4658 4818 4648 
4648 4818 4478 
5131 4981 4971 
4971 4981 5281 
4669 4849 4999 
5423 5283 5143 
5423 5143 5133 
4999 5309 5169 
5169 5309 5019 
4476 4816 4466 
4827 4977 4657 
4827 4657 4817 
4689 4319 4849 
4600 4930 4400 
4828 4818 4658 
4472 4812 4462 
4462 4812 4641 
4987 5287 4977 
4987 4977 5137 
4653 4813 4823 
4474 4644 4814 
5424 5294 5434 
5139 5149 5429 
5139 5429 5288 
4729 5059 4909 
4909 5059 4749 
4827 5137 4977 
4817 5137 4827 
4460 4280 4810 
4480 4810 4280 
4460 4470 4810 
4640 4470 4810 
4474 4814 4464 
4472 4812 4642 
4652 4812 4642 
4999 4689 5169 
4473 4813 4643 
4471 4811 4641 
4461 4811 4471 
4651 4811 4641 
4461 4811 4640 
4975 4825 5135 
5135 4825 4815 
4300 4480 4830 
4300 4830 4500 
4340 4520 4870 
5039 4729 5209 
4770 4600 4930 
4652 4822 4812 
5100 4950 5250 
4770 5250 4950 
4641 4971 4651 
4520 4690 4870 
4420 4950 4600 
5059 5209 4729 
4829 4979 4649 
4649 4979 4659 
4829 4979 5139 
4989 5139 4979 
4769 4399 4929 
4749 4929 4399 
4816 4656 4826 
4540 4710 4890 
4816 4826 5136 
4816 5136 4975 
5079 4769 5249 
4651 4971 4821 
4949 4769 5099 
5136 4986 5146 
4580 4750 4930 
4805 4966 4636 
5285 4985 5145 
5135 5145 4985 
5149 4979 5289 
5149 5289 4999 
4987 5147 5287 
5137 5147 4987 
4789 5119 4969 
4969 5119 4809 
4829 4979 4669 
4804 4965 4635 
5370 5230 5500 
5060 5500 5230 
4807 4968 4638 
4600 4770 4950 
4869 5019 4709 
4630 4620 4960 
4790 4960 4620 
4801 4962 4632 
4803 4964 4634 
5121 5271 4800 
4800 5271 5120 
4635 5125 4965 
4965 5125 4804 
4808 4969 4639 
5119 5129 4809 
4646 4656 4976 
4656 4976 4826 
5410 5540 5270 
4819 4978 4648 
4648 4978 4658 
4830 5150 4980 
4980 5130 4830 
4978 5139 4819 
5000 4850 5150 
4670 5150 4850 
4973 4823 5133 
5019 4709 5189 
4658 4978 4828 
5281 5141 4981 
4989 4979 5289 
4989 5289 5149 
5771 5561 5681 
5671 5681 5561 
4652 4972 4642 
4822 4972 4652 
5060 5210 5500 
4646 4976 4817 
4829 5139 4819 
4976 5137 4817 
4810 4970 4811 
4810 4970 4820 
4651 4821 4811 
4972 4813 4642 
5079 4749 5229 
5059 5229 4749 
5283 4973 5134 
4983 4973 5283 
5059 5229 5369 
4974 4815 5135 
4971 5132 5281 
5814 5875 5805 
5133 4973 4983 
4670 4830 5150 
5189 5329 5019 
4977 5287 5138 
4806 5277 5127 
4689 5169 5019 
5841 5901 5831 
4770 4930 5250 
5209 5349 5039 
5280 5421 5420 
4970 5130 5131 
4769 5249 5099 
5419 5549 5279 
5279 5549 5418 
4789 5099 5269 
4789 5269 5119 
5120 5270 4790 
4637 5127 4807 
4979 5149 4669 
4809 5129 4639 
5128 5278 4807 
4807 5278 5127 
5123 5413 5273 
5119 5419 5129 
4962 5122 4632 
4632 5122 4802 
4969 4639 5129 
5131 5141 4981 
5039 5189 4709 
5121 5411 5271 
5099 5409 5269 
5269 5409 5119 
5128 5279 4808 
5120 4960 4790 
4638 5128 4968 
4968 5128 4807 
4964 4803 5124 
4806 5126 4636 
4966 4805 5126 
4808 5128 4638 
5329 5189 5039 
4966 5126 4636 
4964 5124 4634 
4634 5124 4804 
4962 5122 4801 
5126 5276 4805 
4805 5276 5125 
5129 5279 4808 
5148 5138 4988 
4977 5138 4818 
5309 5459 5579 
4988 5138 4978 
4978 5138 4828 
5297 5437 5557 
5427 5437 5297 
4988 5288 4978 
5439 5299 5559 
5439 5559 5289 
5289 5559 5299 
5146 5426 5136 
5136 5426 5285 
4828 4818 5138 
5136 4976 4826 
4812 4822 5132 
5132 4971 4812 
4972 4822 5132 
5132 4972 4982 
5139 5149 4989 
5134 4814 4973 
4974 4984 5134 
4974 5134 4824 
5134 4824 4814 
4988 5288 5148 
5136 4976 4986 
4650 5130 4830 
4820 4970 5130 
4810 5130 4820 
4650 4810 5130 
5131 4821 4971 
4811 5131 4821 
5131 4970 4811 
4975 4985 5135 
5080 4930 5230 
4750 5230 4930 
4750 5230 4910 
4982 5142 5132 
5080 5230 5520 
4690 4850 5170 
5020 4870 5170 
4690 5170 4870 
5000 4850 5170 
5100 5540 5270 
5285 4975 5136 
4985 4975 5285 
5291 5551 5281 
5291 5281 5421 
5349 5039 5479 
5329 5479 5039 
5553 5433 5293 
5271 5120 5410 
5270 5410 5120 
4710 4870 5190 
5040 4890 5190 
4710 5190 4890 
4870 5020 5190 
5149 5429 5289 
5190 5460 5020 
5020 5460 5170 
5280 5420 5140 
5295 5555 5285 
5295 5285 5425 
4890 5040 5210 
4790 5270 4950 
5278 5418 5128 
5286 5427 5137 
5134 5144 5424 
5134 5424 5283 
5409 5419 5119 
5146 5426 5286 
5390 5250 5520 
5080 5520 5250 
4910 5060 5230 
5275 5414 5124 
5440 5670 5290 
5290 5670 5420 
5140 5130 5420 
5280 5130 5140 
5543 5663 5413 
5430 5670 5420 
5552 5282 5423 
5292 5282 5552 
4930 5080 5250 
5272 5412 5122 
5122 5273 4802 
4804 5275 5125 
5277 5417 5127 
5130 5420 4980 
4802 5273 5123 
5126 5277 4806 
5272 5411 5121 
5124 5414 5274 
5123 5274 4803 
4803 5274 5124 
5276 5416 5126 
4801 5272 5122 
5121 5272 4801 
5698 5777 5867 
5698 5867 5788 
5788 5777 5698 
5135 5284 5425 
5277 5126 5416 
4950 5100 5270 
5125 5415 5275 
5124 5275 4804 
5276 5125 5415 
5281 5551 5422 
5417 5278 5548 
5418 5548 5278 
5279 5419 5129 
5545 5665 5415 
5284 4974 5135 
4984 4974 5284 
5137 5286 4976 
4976 5286 4986 
5139 5288 4978 
5558 5679 5429 
5284 4984 5144 
5146 5286 4986 
5480 5710 5330 
5330 5710 5460 
5145 5285 5425 
5289 4999 5439 
5500 5730 5350 
5350 5730 5480 
5286 5296 5426 
5282 4972 5133 
4982 4972 5282 
5133 5423 5282 
5130 5280 5131 
5282 4982 5142 
5135 5145 5425 
5555 5435 5295 
5423 5293 5433 
5350 5210 5500 
5480 5210 5350 
5229 5369 5079 
5424 5284 5294 
5144 5284 5424 
5438 5428 5298 
5209 5349 5059 
5410 5271 5541 
5411 5541 5271 
5297 5427 5287 
5287 5427 5147 
5550 5670 5671 
5369 5499 5059 
5329 5459 5019 
5299 5429 5439 
5565 5775 5555 
5565 5555 5675 
5059 5499 5349 
5369 5639 5519 
5519 5639 5389 
5293 5553 5283 
5293 5283 5423 
5639 5749 5369 
5439 5559 5309 
5791 5872 5862 
5147 5137 5427 
5299 5429 5289 
5019 5459 5309 
5763 5652 5852 
5100 5250 5540 
5834 5915 5844 
5844 5915 5755 
5650 5541 5660 
5274 5123 5413 
5659 5669 5409 
5415 5276 5546 
5416 5546 5276 
5425 5675 5435 
5555 5435 5675 
5409 5539 5099 
5549 5669 5658 
5549 5658 5668 
5273 5412 5122 
5128 5418 5279 
5409 5669 5419 
5278 5127 5417 
5796 5877 5806 
5309 5439 4999 
5298 5428 5288 
5288 5428 5148 
5138 5148 5428 
5138 5428 5287 
5819 5599 5889 
5799 5889 5599 
5551 5431 5291 
5555 5285 5426 
5423 5552 5673 
5567 5677 5557 
5557 5677 5437 
5329 5579 5709 
5329 5709 5599 
5479 5329 5599 
5479 5599 5349 
5290 5150 5440 
5420 5150 5290 
5286 5556 5427 
5560 5680 5780 
5560 5780 5690 
5425 5295 5435 
5422 5282 5142 
5422 5142 5132 
5422 5282 5292 
5132 5281 5422 
5310 5440 5690 
5330 5190 5460 
5150 5420 4980 
5428 5557 5287 
5287 5557 5297 
5421 5431 5291 
5131 5280 5421 
5131 5141 5421 
5141 5281 5421 
5000 5150 5440 
5310 5170 5440 
5000 5440 5170 
5680 5670 5560 
5459 5579 5329 
5825 5896 5815 
5825 5815 5885 
5539 5389 5659 
5539 5659 5409 
5680 5780 5770 
5770 5670 5680 
5170 5310 5460 
5674 5554 5564 
5434 5554 5674 
5540 5660 5390 
5040 5190 5480 
5040 5480 5210 
5330 5190 5480 
5567 5777 5557 
5802 5882 5811 
5772 5783 5683 
5683 5783 5773 
5426 5296 5436 
5283 5553 5424 
5390 5660 5530 
5530 5520 5390 
5548 5668 5418 
5666 5766 5536 
5536 5766 5655 
5536 5655 5666 
5568 5688 5778 
5678 5688 5568 
5430 5670 5550 
5550 5420 5430 
5819 5729 5619 
5544 5413 5663 
5533 5663 5652 
5652 5663 5543 
5546 5665 5415 
5230 5370 5520 
5548 5417 5667 
5552 5292 5432 
5422 5432 5292 
5277 5547 5417 
5275 5545 5415 
5416 5547 5277 
5412 5543 5273 
5766 5855 5655 
5777 5867 5787 
5541 5411 5661 
5549 5668 5418 
5273 5543 5413 
5389 5539 5099 
5250 5390 5540 
5537 5667 5656 
5656 5667 5547 
5545 5664 5414 
5542 5411 5661 
5413 5544 5274 
5274 5544 5414 
5538 5668 5657 
5657 5668 5548 
5272 5542 5412 
5543 5662 5412 
5411 5542 5272 
5542 5662 5412 
5651 5542 5661 
5414 5545 5275 
5650 5541 5661 
5658 5539 5669 
5569 5559 5779 
5569 5779 5689 
5689 5779 5559 
5429 5558 5288 
5288 5558 5298 
5298 5438 5558 
5436 5556 5296 
5887 5816 5897 
5309 5689 5559 
5750 5910 5620 
5620 5910 5730 
5816 5897 5826 
5661 5761 5531 
5531 5761 5650 
5531 5650 5661 
5420 5550 5421 
5499 5369 5619 
5579 5309 5689 
5427 5437 5677 
5427 5677 5556 
5286 5556 5296 
5799 5869 5579 
5620 5500 5730 
5767 5657 5857 
5667 5657 5767 
5673 5553 5433 
5673 5433 5423 
5773 5683 5563 
5760 5750 5840 
5772 5683 5673 
5294 5554 5284 
5554 5294 5434 
5284 5554 5425 
5865 5794 5875 
5673 5553 5563 
5679 5778 5558 
5558 5778 5568 
5666 5547 5656 
5679 5569 5559 
5544 5664 5414 
5551 5771 5672 
5769 5639 5859 
5758 5857 5847 
5847 5857 5767 
5349 5499 5619 
5869 5798 5879 
5867 5796 5877 
5847 5917 5856 
5555 5775 5676 
5774 5685 5675 
5856 5767 5847 
5659 5769 5389 
5898 5827 5907 
5767 5856 5656 
5792 5873 5863 
5679 5689 5569 
5425 5554 5675 
5541 5410 5660 
5540 5660 5410 
5662 5532 5762 
5662 5762 5652 
5803 5883 5812 
5858 5919 5759 
5759 5919 5848 
5759 5848 5858 
5840 5910 5750 
5460 5690 5310 
5620 5500 5750 
5535 5665 5654 
5654 5665 5545 
5369 5619 5749 
5794 5865 5785 
5794 5785 5864 
5547 5417 5667 
5794 5875 5804 
5439 5559 5679 
5908 5918 5837 
5778 5699 5868 
5778 5868 5788 
5658 5858 5769 
5779 5789 5689 
5689 5579 5779 
5653 5544 5663 
5657 5548 5667 
5439 5679 5429 
5850 5751 5911 
5850 5911 5841 
5833 5894 5903 
5547 5416 5666 
5655 5546 5665 
5549 5669 5419 
5652 5543 5662 
5532 5662 5651 
5651 5662 5542 
5546 5416 5666 
5730 5890 5600 
5600 5890 5710 
5655 5546 5666 
5654 5545 5664 
5534 5664 5653 
5653 5664 5544 
5557 5678 5428 
5674 5564 5684 
5674 5684 5773 
5438 5428 5678 
5438 5678 5558 
5805 5865 5795 
5424 5434 5674 
5424 5674 5553 
5568 5678 5558 
5566 5676 5556 
5556 5676 5436 
5436 5676 5426 
5426 5676 5555 
5778 5689 5679 
5810 5890 5880 
5349 5599 5729 
5349 5729 5619 
5563 5773 5553 
5769 5859 5849 
5769 5849 5858 
5566 5776 5556 
5688 5788 5777 
5672 5552 5432 
5672 5432 5422 
5879 5809 5869 
5845 5915 5905 
5672 5552 5562 
5667 5537 5767 
5422 5551 5672 
5640 5520 5750 
5370 5750 5520 
5673 5563 5683 
5775 5785 5685 
5845 5765 5854 
5818 5899 5828 
5810 5881 5801 
5810 5801 5871 
5801 5871 5861 
5686 5775 5676 
5686 5676 5566 
5685 5785 5774 
5774 5785 5695 
5824 5904 5833 
5878 5887 5807 
5565 5775 5685 
5580 5460 5690 
5889 5829 5899 
5804 5794 5864 
5834 5895 5904 
5910 5911 5830 
5830 5900 5910 
5440 5670 5560 
5773 5553 5674 
5783 5863 5792 
5774 5784 5684 
5421 5550 5671 
5421 5431 5671 
5671 5551 5561 
5431 5551 5671 
5370 5750 5500 
5849 5909 5839 
5788 5868 5797 
5440 5560 5690 
5815 5885 5876 
5834 5905 5825 
5834 5825 5895 
5837 5908 5828 
5837 5828 5898 
5669 5659 5769 
5654 5765 5535 
5600 5480 5710 
5672 5562 5682 
5672 5682 5771 
5800 5710 5870 
5580 5870 5710 
5802 5872 5862 
5749 5839 5619 
5756 5855 5845 
5845 5855 5765 
5561 5551 5771 
5749 5839 5639 
5808 5879 5798 
5808 5798 5868 
5686 5786 5775 
5775 5786 5696 
5678 5777 5557 
5770 5681 5671 
5903 5913 5832 
5846 5766 5855 
5799 5709 5599 
5664 5764 5534 
5534 5764 5653 
5780 5690 5870 
5599 5819 5729 
5460 5580 5710 
5537 5767 5656 
5651 5762 5532 
5909 5919 5838 
5796 5867 5787 
5796 5787 5866 
5688 5777 5678 
5675 5685 5565 
5777 5787 5687 
5826 5906 5835 
5801 5881 5872 
5764 5653 5853 
5538 5768 5668 
5668 5768 5658 
5480 5600 5730 
5579 5779 5869 
5776 5687 5677 
5538 5768 5657 
5891 5890 5900 
5773 5684 5784 
5773 5784 5694 
5809 5889 5818 
5389 5769 5639 
5768 5858 5658 
5567 5777 5687 
5661 5761 5651 
5665 5535 5765 
5665 5765 5655 
5805 5876 5795 
5846 5766 5856 
5819 5829 5909 
5889 5829 5819 
5789 5869 5779 
5757 5856 5846 
5797 5788 5867 
5836 5907 5827 
5836 5827 5897 
5663 5533 5763 
5663 5763 5653 
5762 5851 5651 
5813 5883 5874 
5817 5878 5808 
5664 5764 5654 
5666 5766 5656 
5764 5654 5854 
5765 5654 5854 
5677 5687 5567 
5640 5760 5750 
5660 5530 5760 
5660 5760 5650 
5520 5530 5760 
5520 5760 5640 
5761 5850 5650 
5762 5652 5852 
5533 5763 5652 
5836 5906 5897 
5658 5769 5539 
5669 5539 5769 
5849 5859 5639 
5639 5839 5849 
5899 5828 5908 
5860 5870 5780 
5807 5877 5867 
5675 5774 5554 
5554 5774 5564 
5687 5787 5776 
5776 5787 5697 
5564 5774 5684 
5686 5786 5776 
5822 5882 5812 
5786 5866 5776 
5858 5849 5919 
5816 5887 5807 
5816 5807 5877 
5789 5869 5798 
5863 5784 5694 
5863 5694 5773 
5677 5776 5556 
5689 5778 5789 
5682 5772 5782 
5566 5686 5776 
5820 5730 5890 
5848 5919 5838 
5848 5838 5908 
5804 5884 5813 
5835 5896 5826 
5778 5789 5699 
5688 5788 5778 
5840 5751 5911 
5850 5751 5840 
5579 5799 5709 
5552 5772 5673 
5879 5808 5888 
5772 5783 5693 
5823 5894 5813 
5823 5813 5883 
5772 5562 5682 
5562 5772 5552 
5580 5690 5870 
5846 5917 5836 
5846 5836 5906 
5771 5682 5782 
5771 5782 5692 
5828 5898 5888 
5845 5915 5854 
5670 5671 5770 
5681 5771 5781 
5770 5781 5681 
5770 5781 5691 
5877 5806 5886 
5847 5917 5907 
5811 5802 5872 
5784 5793 5863 
5841 5911 5901 
5821 5881 5811 
5866 5795 5876 
5874 5883 5803 
5890 5900 5820 
5768 5857 5657 
5807 5867 5797 
5901 5911 5830 
5793 5803 5863 
5808 5868 5878 
5863 5773 5783 
5823 5893 5883 
5848 5768 5858 
5857 5768 5848 
5760 5650 5850 
5892 5821 5901 
5818 5888 5879 
5909 5849 5919 
5871 5880 5870 
5870 5880 5800 
5765 5855 5655 
5775 5696 5865 
5775 5865 5785 
5815 5876 5806 
5806 5886 5815 
5813 5804 5874 
5841 5761 5851 
5850 5761 5841 
5790 5861 5781 
5790 5781 5860 
5889 5899 5818 
5906 5835 5916 
5825 5885 5895 
5806 5866 5876 
5844 5904 5834 
5827 5887 5817 
5807 5878 5797 
5832 5893 5902 
5791 5801 5861 
5818 5879 5809 
5848 5918 5857 
5804 5864 5874 
5876 5885 5805 
5806 5796 5866 
5755 5854 5844 
5844 5854 5764 
5801 5872 5791 
5839 5909 5619 
5838 5908 5899 
5696 5865 5786 
5840 5850 5760 
5842 5762 5852 
5851 5762 5842 
5814 5885 5805 
5847 5907 5837 
5805 5865 5875 
5844 5904 5914 
5873 5803 5863 
5761 5651 5851 
5816 5877 5886 
5809 5869 5799 
5857 5758 5918 
5843 5763 5853 
5852 5763 5843 
5853 5764 5844 
5763 5853 5653 
5826 5886 5896 
5752 5851 5841 
5798 5789 5868 
5810 5871 5880 
5753 5852 5842 
5817 5898 5827 
5812 5893 5822 
5766 5656 5856 
5774 5695 5864 
5774 5864 5784 
5785 5864 5695 
5754 5853 5843 
5795 5865 5786 
5795 5866 5786 
5833 5894 5824 
5873 5882 5802 
5811 5881 5872 
5885 5895 5814 
5793 5874 5803 
5699 5868 5789 
5814 5875 5884 
5852 5913 5753 
5753 5913 5842 
5886 5815 5896 
5821 5901 5830 
5787 5866 5697 
5888 5817 5898 
5697 5776 5866 
5830 5821 5891 
5828 5818 5888 
5824 5894 5884 
5824 5884 5814 
5894 5823 5903 
5864 5793 5874 
5792 5873 5802 
5772 5693 5862 
5772 5862 5782 
5791 5862 5782 
5782 5861 5791 
5784 5864 5793 
5817 5887 5878 
5881 5891 5810 
5870 5790 5871 
5799 5809 5889 
5790 5860 5870 
5619 5909 5819 
5862 5783 5693 
5758 5918 5847 
5831 5901 5892 
5868 5797 5878 
5826 5886 5816 
5861 5871 5790 
5812 5873 5803 
5895 5904 5824 
5783 5792 5862 
5792 5802 5862 
5848 5908 5918 
5860 5781 5691 
5860 5691 5770 
5770 5860 5780 
5838 5899 5829 
5890 5810 5891 
5821 5891 5881 
5861 5771 5781 
5771 5692 5861 
5861 5782 5692 
5812 5882 5873 
5846 5916 5855 
5830 5900 5891 
5835 5916 5845 
5845 5916 5756 
5824 5895 5814 
5832 5913 5842 
5855 5916 5756 
5827 5897 5887 
5875 5884 5804 
5808 5888 5817 
5845 5905 5835 
5907 5917 5836 
5837 5907 5898 
5823 5903 5832 
5842 5832 5902 
5897 5906 5826 
5843 5903 5833 
5883 5812 5893 
5829 5909 5838 
5710 5800 5890 
5880 5890 5800 
5910 5911 5840 
5884 5894 5813 
5831 5892 5822 
5856 5917 5757 
5757 5917 5846 
5811 5892 5821 
5822 5892 5882 
5882 5892 5811 
5842 5902 5912 
5843 5913 5903 
5854 5755 5915 
5835 5896 5905 
5832 5893 5823 
5837 5918 5847 
5844 5914 5853 
5852 5913 5843 
5822 5902 5831 
5893 5822 5902 
5904 5914 5833 
5896 5825 5905 
5905 5915 5834 
5730 5820 5910 
5900 5910 5820 
5843 5914 5833 
5853 5754 5914 
5846 5916 5906 
5842 5912 5851 
5851 5912 5752 
5752 5912 5841 
5831 5912 5841 
5902 5831 5912 
5843 5914 5754 
